5.773502691896258e-1
5.773502691896258e-1
5.773502691896258e-1
5.773502691896258e-1
-5.773502691896258e-1
-5.773502691896258e-1
-5.773502691896258e-1
5.773502691896258e-1
-5.773502691896258e-1
-5.773502691896258e-1
-5.773502691896258e-1
5.773502691896258e-1
-0.9030073291598593
-0.1826964031330545
-0.3888441690006706
-0.9030073291598593
0.1826964031330545
0.3888441690006706
0.9030073291598593
-0.1826964031330545
0.3888441690006706
0.9030073291598593
0.1826964031330545
-0.3888441690006706
-0.3888441690006706
-0.9030073291598593
-0.1826964031330545
0.3888441690006706
-0.9030073291598593
0.1826964031330545
0.3888441690006706
0.9030073291598593
-0.1826964031330545
-0.3888441690006706
0.9030073291598593
0.1826964031330545
-0.1826964031330545
-0.3888441690006706
-0.9030073291598593
0.1826964031330545
0.3888441690006706
-0.9030073291598593
-0.1826964031330545
0.3888441690006706
0.9030073291598593
0.1826964031330545
-0.3888441690006706
0.9030073291598593