.89890353517914318903
.43551221128474708981
.047974454288805545355
.89890353517914318903
-.43551221128474708981
-.047974454288805545355
.89890353517914318903
.047974454288805545355
-.43551221128474708981
.89890353517914318903
-.047974454288805545355
.43551221128474708981
-.89890353517914318903
.43551221128474708981
-.047974454288805545355
-.89890353517914318903
-.43551221128474708981
.047974454288805545355
-.89890353517914318903
.047974454288805545355
.43551221128474708981
-.89890353517914318903
-.047974454288805545355
-.43551221128474708981
.047974454288805545355
.89890353517914318903
.43551221128474708981
-.047974454288805545355
.89890353517914318903
-.43551221128474708981
-.43551221128474708981
.89890353517914318903
.047974454288805545355
.43551221128474708981
.89890353517914318903
-.047974454288805545355
-.047974454288805545355
-.89890353517914318903
.43551221128474708981
.047974454288805545355
-.89890353517914318903
-.43551221128474708981
.43551221128474708981
-.89890353517914318903
.047974454288805545355
-.43551221128474708981
-.89890353517914318903
-.047974454288805545355
.43551221128474708981
.047974454288805545355
.89890353517914318903
-.43551221128474708981
-.047974454288805545355
.89890353517914318903
.047974454288805545355
-.43551221128474708981
.89890353517914318903
-.047974454288805545355
.43551221128474708981
.89890353517914318903
.43551221128474708981
-.047974454288805545355
-.89890353517914318903
-.43551221128474708981
.047974454288805545355
-.89890353517914318903
.047974454288805545355
.43551221128474708981
-.89890353517914318903
-.047974454288805545355
-.43551221128474708981
-.89890353517914318903
.57735026918962576449
.57735026918962576449
.57735026918962576449
.57735026918962576449
.57735026918962576449
-.57735026918962576449
.57735026918962576449
-.57735026918962576449
.57735026918962576449
.57735026918962576449
-.57735026918962576449
-.57735026918962576449
-.57735026918962576449
.57735026918962576449
.57735026918962576449
-.57735026918962576449
.57735026918962576449
-.57735026918962576449
-.57735026918962576449
-.57735026918962576449
.57735026918962576449
-.57735026918962576449
-.57735026918962576449
-.57735026918962576449